> results
          100       200       300       400       500       600       700
0.3 0.8054819 0.8728914 0.8768362 0.8728914 0.9261017 0.9261017 0.9261017
0.4 0.8054819 0.8500000 0.8768362 0.8728914 0.9261017 0.9261017 0.9261017
0.5 0.8054819 0.8500000 0.8768362 0.8728914 0.9261017 0.9261017 0.9261017
0.6 0.8054819 0.8500000 0.8768362 0.8728914 0.9261017 0.9261017 0.9261017
0.7 0.8054819 0.8500000 0.8768362 0.8728914 0.9261017 0.9027409 0.9261017
0.8 0.8054819 0.8500000 0.8768362 0.8728914 0.9261017 0.9027409 0.9261017
0.9 0.8054819 0.8500000 0.8768362 0.8728914 0.9261017 0.9027409 0.9261017
1   0.8054819 0.8768362 0.8541114 0.8728914 0.9261017 0.9027409 0.9261017
          800       900      1000
0.3 0.9261017 0.9261017 0.9261017
0.4 0.9261017 0.9261017 0.9261017
0.5 0.9261017 0.9261017 0.9261017
0.6 0.9261017 0.9261017 0.9261017
0.7 0.9261017 0.9261017 0.9261017
0.8 0.9261017 0.9261017 0.9261017
0.9 0.9261017 0.9261017 0.9261017
1   0.9261017 0.9261017 0.9261017

> print(paste("Highest score:", sprintf("%.7f",  dd_highestFscore),
+             "B =", hfs_bz[1], "Z =", hfs_bz[2]))
[1] "Highest score: 0.9261017 B = 0.3 Z = 500"

> dd_hscore_cf
     [,1] [,2]
[1,]   11    3
[2,]    0   28