> results
         100       200       300       400       500       600       700
0.3 0.800000 0.8500000 0.7676282 0.7619048 0.7290395 0.8220480 0.8445748
0.4 0.800000 0.8500000 0.8728914 0.6891496 0.7712046 0.8220480 0.8445748
0.5 0.800000 0.8000000 0.8728914 0.7619048 0.7712046 0.7568523 0.7500000
0.6 0.800000 0.8000000 0.8728914 0.7500000 0.8220480 0.7355426 0.8445748
0.7 0.800000 0.8275706 0.8728914 0.8000000 0.8445748 0.7355426 0.7783051
0.8 0.822048 0.7836257 0.8054819 0.8000000 0.8445748 0.7355426 0.8445748
0.9 0.650000 0.7836257 0.8054819 0.7500000 0.8445748 0.7783051 0.8445748
1   0.800000 0.7874608 0.8728914 0.7927664 0.8445748 0.8445748 0.7568523
          800       900      1000
0.3 0.7223529 0.7203611 0.6190476
0.4 0.7082228 0.7203611 0.7211538
0.5 0.8445748 0.8445748 0.7568523
0.6 0.8500000 0.8445748 0.8148148
0.7 0.8445748 0.8445748 0.7290395
0.8 0.8445748 0.8148148 0.7290395
0.9 0.8148148 0.7568523 0.7568523
1   0.7783051 0.7568523 0.7783051

> print(paste("Highest score:", sprintf("%.7f",  dd_highestFscore),
+             "B =", hfs_bz[1], "Z =", hfs_bz[2]))
[1] "Highest score: 0.8728914 B = 0.4 Z = 300"

> dd_hscore_cf
     [,1] [,2]
[1,]    9    5
[2,]    0   28