> results
          100       200       300       400       500       600       700
0.3 0.7918367 0.7918367 0.7918367 0.7918367 0.7686275 0.7686275 0.7686275
0.4 0.7685185 0.7918367 0.7918367 0.7918367 0.7455782 0.7686275 0.7686275
0.5 0.7918367 0.7918367 0.7918367 0.7686275 0.7686275 0.7686275 0.7686275
0.6 0.7918367 0.7918367 0.7918367 0.7686275 0.7686275 0.7686275 0.7686275
0.7 0.7918367 0.7918367 0.7918367 0.7686275 0.7686275 0.7686275 0.7686275
0.8 0.7918367 0.7918367 0.7918367 0.7686275 0.7686275 0.7686275 0.7686275
0.9 0.7918367 0.7918367 0.7918367 0.7686275 0.7686275 0.7686275 0.7686275
1   0.7918367 0.7918367 0.7918367 0.7455782 0.7686275 0.7686275 0.7686275
          800       900      1000
0.3 0.7686275 0.7455782 0.7686275
0.4 0.7686275 0.7455782 0.7455782
0.5 0.7686275 0.7455782 0.7455782
0.6 0.7455782 0.7455782 0.7455782
0.7 0.7686275 0.7455782 0.7455782
0.8 0.7686275 0.7455782 0.7455782
0.9 0.7455782 0.7455782 0.7455782
1   0.7455782 0.7455782 0.7455782

> print(paste("Highest score:", sprintf("%.7f",  dd_highestFscore),
+             "B =", hfs_bz[1], "Z =", hfs_bz[2]))
[1] "Highest score: 0.7918367 B = 0.3 Z = 100"

> dd_hscore_cf
     [,1] [,2]
[1,]   13    1
[2,]    8   20