> results
          100       200       300       400       500       600       700
0.3 0.6595933 0.7402299 0.6033678 0.6033678 0.6500000 0.6797740 0.8054819
0.4 0.6595933 0.7402299 0.5000000 0.7402299 0.9027409 0.6797740 0.8054819
0.5 0.8220480 0.7402299 0.5000000 0.7402299 0.9027409 0.6797740 0.8054819
0.6 0.8220480 0.5000000 0.5000000 0.6500000 0.9027409 0.6797740 0.8054819
0.7 0.8220480 0.5000000 0.5000000 0.5817308 0.9027409 0.8054819 0.8054819
0.8 0.6993197 0.5000000 0.5817308 0.5817308 0.9027409 0.5623342 0.8054819
0.9 0.6993197 0.5000000 0.5817308 0.5817308 0.9027409 0.5623342 0.8054819
1   0.6993197 0.6060606 0.7783051 0.5817308 0.9027409 0.6797740 0.8054819
          800       900      1000
0.3 0.9027409 0.9027409 0.9027409
0.4 0.9027409 0.9027409 0.9027409
0.5 0.9027409 0.9027409 0.9027409
0.6 0.9027409 0.9027409 0.9027409
0.7 0.9027409 0.9027409 0.9027409
0.8 0.9027409 0.9027409 0.9027409
0.9 0.9027409 0.9027409 0.9027409
1   0.9027409 0.9027409 0.9027409

> print(paste("Highest score:", sprintf("%.7f",  dd_highestFscore),
+             "B =", hfs_bz[1], "Z =", hfs_bz[2]))
[1] "Highest score: 0.9027409 B = 0.4 Z = 500"

> dd_hscore_cf
     [,1] [,2]
[1,]   11    3
[2,]    1   27